002
005 003
006
P 005
013 009
015 010
P 006
E
012
008 014 011
016
018 020
E
010
012
019 022
P 016
021
040
E
032 025
023
E
E
026
027
028 030
029
075
024
P 030
E
E
P 035
037
092
089 038
043
042 046
039
P 040
044
040
048 050
P 044
047
E
049
051
053
052 056
054
057 058
055
061 062
063
060
066 065
P 058
E
022
E
064
E
E
067
068
070 100
E
073 104
P 070
E
084
E
077
078
035 033
081 082
P 078
P 081
083
074
085 088 036
E
087
P 087
106
091
E
P 091
094 097
093
098
095
101 102
097
103
069
P 08
072
108
E
E
105
076
E
P 106
E
